"id_orig" "id_dest" "dist" "n"
"1" 1 2 11208401.5845379 1
"2" 1 4 11207031.6257839 1
"3" 1 8 175.738028997209 3
"4" 1 10 700.488015167789 1
"5" 2 1 11208401.5845379 1
"6" 2 3 4065.25142717321 1
"7" 3 1 11205104.2692255 1
"8" 4 2 1963.63961802223 1
"9" 5 6 79.5178097320431 1
"10" 6 7 651.36137938821 1
"11" 7 6 651.36137938821 1
"12" 8 1 175.738028997209 3
"13" 10 1 700.488015167789 1
"14" 11 12 362.545065143129 2
"15" 11 18 86.8248332305125 1
"16" 11 23 1974.69467656101 1
"17" 12 11 362.545065143129 1
"18" 12 13 279.27597409986 2
"19" 12 14 265.92322500696 2
"20" 12 15 974.408113401466 1
"21" 12 16 799.183786996889 1
"22" 12 17 220.95521466093 1
"23" 12 23 1723.17446903454 1
"24" 12 25 552.311640901695 1
"25" 13 11 398.613046543081 2
"26" 13 14 444.934515633788 1
"27" 13 17 227.848145275342 1
"28" 13 19 138.506349336538 2
"29" 13 21 558.0961063657 1
"30" 14 11 204.849389109822 1
"31" 14 12 265.92322500696 1
"32" 14 21 133.505684778442 1
"33" 15 13 983.901249098695 1
"34" 15 16 1762.22237593173 1
"35" 16 12 799.183786996889 2
"36" 16 18 450.653509188347 1
"37" 16 21 399.755101999584 2
"38" 16 22 968.710267813655 1
"39" 16 24 582.864516444454 1
"40" 17 11 180.801099758839 1
"41" 18 11 86.8248332305125 1
"42" 18 12 411.537868787163 2
"43" 18 19 611.974545762277 1
"44" 19 12 399.823305499743 1
"45" 19 13 138.506349336538 1
"46" 19 20 220.036104947437 1
"47" 19 21 695.868922363528 1
"48" 20 14 803.406683016972 1
"49" 21 16 399.755101999584 4
"50" 22 19 523.67839036279 1
"51" 23 13 1576.10645038713 1
"52" 24 12 233.030983885978 1
"53" 25 12 552.311640901695 1
